1.0249933243884093
1.0249933243884093
1.0249933243884093
1.0249933243884093
1.1021899193659475
1.1021899193659475
1.1021899193659475
1.161148338738668
1.161148338738668
1.161148338738668
1.2448097242613752
1.2448097242613752
1.2448097242613752
1.4123111254753382
1.4123111254753382
1.4123111254753382
1.4679859129590507
1.4679859129590507
1.4679859129590507
1.4858437489238867
1.4858437489238867
1.4858437489238867
1.4858437489238867
1.5097852169513692
1.5097852169513692
1.5097852169513692
1.5097852169513692
1.6781463470752735
1.6781463470752735
1.6781463470752735
1.7064664067163833
1.7064664067163833
1.7064664067163833
1.7064664067163833
1.9239335739669081
1.9239335739669081
1.9239335739669081
1.9239335739669081
1.9277191669747786
1.9277191669747786
1.9277191669747786
2.04067051734848
2.04067051734848
2.04067051734848
2.04067051734848
2.0991984486867192
2.0991984486867192
2.0991984486867192
2.3017004168894943
2.3017004168894943
2.3017004168894943
2.372470978658958
2.372470978658958
2.372470978658958
2.372470978658958
2.4706360221941774
2.4706360221941774
2.4706360221941774
2.5181282452081675
2.5181282452081675
2.5181282452081675
2.5181282452081675
2.676481658898364
2.676481658898364
2.676481658898364
2.771395745604905
2.771395745604905
2.771395745604905
2.771395745604905
2.964464902671197
2.964464902671197
2.964464902671197
2.964464902671197
3.0663501637051023
3.0663501637051023
3.0663501637051023
3.0835241202005834
3.0835241202005834
3.0835241202005834
3.169322901871809
3.169322901871809
3.169322901871809
3.169322901871809
3.6258794536960375
3.6258794536960375
3.6258794536960375
3.723264152935636
3.723264152935636
3.723264152935636
3.7392137913883308
3.7392137913883308
3.7392137913883308
3.7392137913883308
3.8115962119899716
3.8115962119899716
3.8115962119899716
3.957251032269565
3.957251032269565
3.957251032269565
4.009632922613392
4.009632922613392
4.009632922613392
4.009632922613392
4.022786854279831
4.022786854279831
4.022786854279831
4.022786854279831
4.1701736342630005
4.1701736342630005
4.1701736342630005
4.1701736342630005
4.276392985622354
4.276392985622354
4.276392985622354
4.3045982248633425
4.3045982248633425
4.3045982248633425
4.3045982248633425
4.453992047709338
4.453992047709338
4.453992047709338
4.478510916521421
4.478510916521421
4.478510916521421
4.5432432423
4.543243242388
4.543243242388
4.699991427576389
4.699991427576389
4.699991427576389
4.699991427576389
4.73264333958244
4.73264333958244
4.73264333958244
4.73264333958244
4.859129843427014
4.859129843427014
4.859129843427014
4.9282830136687945
4.9282830136687945
4.9282830136687945
5.160092858864609
5.160092858864609
5.160092858864609
5.221565830328178
5.221565830328178
5.221565830328178
5.407887301991032
5.407887301991032
5.407887301991032
5.407887301991032
5.46065428257935
5.46065428257935
5.46065428257935
5.7160302102073235
5.7160302102073235
5.7160302102073235
5.7160302102073235
5.872661445513295
5.872661445513295
5.872661445513295
5.876428521529341
5.876428521529341
5.876428521529341
6.131484749517981
6.131484749517981
6.131484749517981
6.131484749517981
6.134386364506719
6.134386364506719
6.134386364506719
6.134386364506719
6.210328535416516
6.210328535416516
6.210328535416516
6.210328535416516
6.316930881042872
6.316930881042872
6.316930881042872
6.316930881042872
6.403392980999744
6.403392980999744
6.403392980999744
6.887657411102504
6.887657411102504
6.887657411102504
6.887657411102504
6.913910159159583
6.913910159159583
6.913910159159583
6.961432425563141
6.961432425563141
6.961432425563141
6.982251136176411
6.982251136176411
6.982251136176411
7.040721358467256
7.040721358467256
7.040721358467256
7.115531429721049
7.115531429721049
7.115531429721049
7.157664200372988
7.157664200372988
7.157664200372988
7.3181068096896045
7.3181068096896045
7.3181068096896045
7.3181068096896045
7.363320385639793
7.363320385639793
7.363320385639793
7.393947634386903
7.393947634386903
7.393947634386903
7.393947634386903
7.670698778136547
7.670698778136547
7.670698778136547
7.879854998393029
7.879854998393029
7.879854998393029
8.035838880140318
8.035838880140318
8.035838880140318
8.083024825297805
8.083024825297805
8.083024825297805
8.171911478113797
8.171911478113797
8.171911478113797
8.731313499108712
8.731313499108712
8.731313499108712
8.769301879633023
8.769301879633023
8.769301879633023
8.82399996262577
8.82399996262577
8.82399996262577
8.824650839900253
8.824650839900253
8.824650839900253
8.824650839900253
8.862783783127322
8.862783783127322
8.862783783127322
8.862783783127322
9.085164937982176
9.085164937982176
9.085164937982176
9.18768701539622
9.18768701539622
9.18768701539622
9.36180566010862
9.36180566010862
9.36180566010862
9.36180566010862
9.443139677249768
9.443139677249768
9.443139677249768
9.443139677249768
9.461839111431189
9.461839111431189
9.461839111431189
9.461839111431189
9.715682464283086
9.715682464283086
9.715682464283086
9.715682464283086
9.871852383836783
9.871852383836783
9.871852383836783
9.871852383836783
9.9044502891883
9.9044502891883
9.9044502891883
9.9044502891883
9.941618126847839
9.941618126847839
9.941618126847839
9.973641921571236
9.973641921571236
9.973641921571236
9.988447152323582
9.988447152323582
9.988447152323582
10.067451239871998
10.067451239871998
10.067451239871998
10.100002970912389
10.100002970912389
10.100002970912389
10.164856711083143
10.164856711083143
10.164856711083143
10.591444746332881
10.591444746332881
10.591444746332881
10.591444746332881
10.59383363843453
10.59383363843453
10.59383363843453
10.608217465358798
10.608217465358798
10.608217465358798
10.672493759731548
10.672493759731548
10.672493759731548
10.672493759731548
10.714596227542115
10.714596227542115
10.714596227542115
10.751315762364749
10.751315762364749
10.751315762364749
10.811178269828659
10.811178269828659
10.811178269828659
10.863835097720091
10.863835097720091
10.863835097720091
10.883535749255655
10.883535749255655
10.883535749255655
10.898995189128826
10.898995189128826
10.898995189128826
10.898995189128826
10.958598916341575
10.958598916341575
10.958598916341575
11.027209518079946
11.027209518079946
11.027209518079946
11.16976081919122
11.16976081919122
11.16976081919122
11.31708162905367
11.31708162905367
11.31708162905367
11.342283915289643
11.342283915289643
11.342283915289643
11.342283915289643
11.838667407674851
11.838667407674851
11.838667407674851
12.01025931150293
12.01025931150293
12.01025931150293
12.01025931150293
12.046778362541465
12.046778362541465
12.046778362541465
12.259433321336916
12.259433321336916
12.259433321336916
12.349247023375316
12.349247023375316
12.349247023375316
12.349247023375316
12.376413795645403
12.376413795645403
12.376413795645403
12.415315698036421
12.415315698036421
12.415315698036421
12.48803715674766
12.48803715674766
12.48803715674766
12.604235986651098
12.604235986651098
12.604235986651098
12.748879548706539
12.748879548706539
12.748879548706539
12.890389734806996
12.890389734806996
12.890389734806996
13.005506076944583
13.005506076944583
13.005506076944583
13.005506076944583
13.04047486162639
13.04047486162639
13.04047486162639
13.189811634099078
13.189811634099078
13.189811634099078
13.281719836830456
13.281719836830456
13.281719836830456
13.462860504185393
13.462860504185393
13.462860504185393
13.597801415175496
13.597801415175496
13.597801415175496
13.653773190913816
13.653773190913816
13.653773190913816
13.713561044658665
13.713561044658665
13.713561044658665
14.25461423994916
14.25461423994916
14.25461423994916
14.25461423994916
14.456389535172788
14.456389535172788
14.456389535172788
14.536548150863082
14.536548150863082
14.536548150863082
14.536548150863082
14.58368184148092
14.58368184148092
14.58368184148092
14.648942165345241
14.648942165345241
14.648942165345241
14.648942165345241
14.696307872500794
14.696307872500794
14.696307872500794
14.735574135514213
14.735574135514213
14.735574135514213
14.735574135514213
14.75705947953558
14.75705947953558
14.75705947953558
14.850460951650755
14.850460951650755
14.850460951650755
14.850460951650755
14.980140458950645
14.980140458950645
14.980140458950645
15.160712384116104
15.160712384116104
15.160712384116104
15.160712384116104
15.17219548486314
15.17219548486314
15.17219548486314
15.17219548486314
15.199479204707488
15.199479204707488
15.199479204707488
15.199479204707488
15.223057702610948
15.223057702610948
15.223057702610948
15.354958635263182
15.354958635263182
15.354958635263182
15.392302954438629
15.392302954438629
15.392302954438629
15.617891006232814
15.617891006232814
15.617891006232814
15.708242692554977
15.708242692554977
15.708242692554977
16.46893964220337
16.46893964220337
16.46893964220337
16.65618564956828
16.65618564956828
16.65618564956828
16.65618564956828
16.67928665544018
16.67928665544018
16.67928665544018
16.836902122254834
16.836902122254834
16.836902122254834
16.890291464895633
16.890291464895633
16.890291464895633
16.93182211917977
16.93182211917977
16.93182211917977
16.966590411047008
16.966590411047008
16.966590411047008
16.982069345687947
16.982069345687947
16.982069345687947
16.982069345687947
16.983623733961487
16.983623733961487
16.983623733961487
17.042124987049693
17.042124987049693
17.042124987049693
17.28505861954756
17.28505861954756
17.28505861954756
17.28505861954756
17.512398798656548
17.512398798656548
17.512398798656548
17.638897011835553
17.638897011835553
17.638897011835553
17.917389698437653
17.917389698437653
17.917389698437653
18.009370797841942
18.009370797841942
18.009370797841942
18.096362447956253
18.096362447956253
18.096362447956253
18.172617716510285
18.172617716510285
18.172617716510285
18.278097002961378
18.278097002961378
18.278097002961378
18.31390769947182
18.31390769947182
18.31390769947182
18.31390769947182
18.512043496905736
18.512043496905736
18.512043496905736
18.552695194113145
18.552695194113145
18.552695194113145
18.840546455721228
18.840546455721228
18.840546455721228
18.91463591240055
18.91463591240055
18.91463591240055
18.91463591240055
18.94008458460652
18.94008458460652
18.94008458460652
18.954696971468664
18.954696971468664
18.954696971468664
19.07821215869584
19.07821215869584
19.07821215869584
19.21409793184072
19.21409793184072
19.21409793184072
19.322706288461408
19.322706288461408
19.322706288461408
19.472485256511955
19.472485256511955
19.472485256511955
19.472485256511955
19.482525350974413
19.482525350974413
19.482525350974413
19.513416151252063
19.513416151252063
19.513416151252063
19.525815151277428
19.525815151277428
19.525815151277428
19.723578041264854
19.723578041264854
19.723578041264854
19.830020930052708
19.830020930052708
19.830020930052708
20.018927365359765
20.018927365359765
20.018927365359765
20.018927365359765
20.114905308963714
20.114905308963714
20.114905308963714
20.114905308963714
20.1931327420583
20.1931327420583
20.1931327420583
20.310035226064635
20.310035226064635
20.310035226064635
20.31482291856762
20.31482291856762
20.31482291856762
20.427337296593112
20.427337296593112
20.427337296593112
20.534520653684737
20.534520653684737
20.534520653684737
20.55348451822091
20.55348451822091
20.55348451822091
20.569870324448654
20.569870324448654
20.569870324448654
20.585121066268638
20.585121066268638
20.585121066268638
20.644583961121434
20.644583961121434
20.644583961121434
20.68995158453341
20.68995158453341
20.68995158453341
20.791115662659738
20.791115662659738
20.791115662659738
20.799201973322607
20.799201973322607
20.799201973322607
20.799201973322607
20.987677175248713
20.987677175248713
20.987677175248713
21.02040157406918
21.02040157406918
21.02040157406918
21.20955461850764
21.20955461850764
21.20955461850764
21.20955461850764
21.242049924851486
21.242049924851486
21.242049924851486
21.242049924851486
21.265629072600817
21.265629072600817
21.265629072600817
21.265629072600817
21.293016500968456
21.293016500968456
21.293016500968456
21.443528904680356
21.443528904680356
21.443528904680356
21.49426714659769
21.49426714659769
21.49426714659769
21.49426714659769
21.665564240556275
21.665564240556275
21.665564240556275
21.696809237024627
21.696809237024627
21.696809237024627
21.744971383439516
21.744971383439516
21.744971383439516
22.042974199433363
22.042974199433363
22.042974199433363
22.160653129628827
22.160653129628827
22.160653129628827
22.186720533622637
22.186720533622637
22.186720533622637
22.186720533622637
22.28283299712761
22.28283299712761
22.28283299712761
22.28283299712761
22.32652465814164
22.32652465814164
22.32652465814164
22.32652465814164
22.378176056716022
22.378176056716022
22.378176056716022
22.402424322161608
22.402424322161608
22.402424322161608
22.49075446310846
22.49075446310846
22.49075446310846
22.49075446310846
22.544795743500732
22.544795743500732
22.544795743500732
22.56468999427515
22.56468999427515
22.56468999427515
22.579907193040096
22.579907193040096
22.579907193040096
22.70614483716596
22.70614483716596
22.70614483716596
22.72312684104606
22.72312684104606
22.72312684104606
22.72312684104606
22.98715511185736
22.98715511185736
22.98715511185736
23.031786611226067
23.031786611226067
23.031786611226067
23.032126697362767
23.032126697362767
23.032126697362767
23.10299268878999
23.10299268878999
23.10299268878999
23.252473780575237
23.252473780575237
23.252473780575237
23.35155261851612
23.35155261851612
23.35155261851612
23.35155261851612
23.38472890553086
23.38472890553086
23.38472890553086
23.467058513609118
23.467058513609118
23.467058513609118
23.79905222705017
23.79905222705017
23.79905222705017
23.89113065817745
23.89113065817745
23.89113065817745
23.996584108066582
23.996584108066582
23.996584108066582
23.996584108066582
24.31062205928724
24.31062205928724
24.31062205928724
24.482686081690442
24.482686081690442
24.482686081690442
24.482686081690442
24.50798012174163
24.50798012174163
24.50798012174163
24.50798012174163
24.593648878816513
24.593648878816513
24.593648878816513
24.664171885924578
24.664171885924578
24.664171885924578
24.664390125770314
24.664390125770314
24.664390125770314
24.732514122598488
24.732514122598488
24.732514122598488
24.732514122598488
24.787738443855375
24.787738443855375
24.787738443855375
24.787738443855375
24.87560513391912
24.87560513391912
24.87560513391912
24.90519161088655
24.90519161088655
24.90519161088655
25.137585923959623
25.137585923959623
25.137585923959623
25.19617806612985
25.19617806612985
25.19617806612985
25.216138448993547
25.216138448993547
25.216138448993547
25.3060134903237
25.3060134903237
25.3060134903237
25.3060134903237
25.372672085072118
25.372672085072118
25.372672085072118
25.372672085072118
25.463619016526906
25.463619016526906
25.463619016526906
25.463619016526906
25.479127247526645
25.479127247526645
25.479127247526645
25.479127247526645
25.611119785004394
25.611119785004394
25.611119785004394
25.753439085807624
25.753439085807624
25.753439085807624
25.807079453808523
25.807079453808523
25.807079453808523
25.972910240056887
25.972910240056887
25.972910240056887
25.976109195903007
25.976109195903007
25.976109195903007
26.005702637219347
26.005702637219347
26.005702637219347
26.005702637219347
26.032153457917882
26.032153457917882
26.032153457917882
26.2154775185843
26.2154775185843
26.2154775185843
26.220295890558447
26.220295890558447
26.220295890558447
26.334847891940413
26.334847891940413
26.334847891940413
26.34999396203903
26.34999396203903
26.34999396203903
26.425845004830105
26.425845004830105
26.425845004830105
26.4622751217586
26.4622751217586
26.4622751217586
26.503038828945762
26.503038828945762
26.503038828945762
26.503038828945762
26.642392393129732
26.642392393129732
26.642392393129732
26.642392393129732
26.71168702117007
26.71168702117007
26.71168702117007
26.839959640452125
26.839959640452125
26.839959640452125
26.839959640452125
26.906181802030435
26.906181802030435
26.906181802030435
26.906181802030435
26.913301289773887
26.913301289773887
26.913301289773887
26.986990888364538
26.986990888364538
26.986990888364538
27.019894542039296
27.019894542039296
27.019894542039296
27.187478225380424
27.187478225380424
27.187478225380424
27.339148350163118
27.339148350163118
27.339148350163118
27.339148350163118
27.39022189132056
27.39022189132056
27.39022189132056
27.421474448743833
27.421474448743833
27.421474448743833
27.421474448743833
27.473728606307894
27.473728606307894
27.473728606307894
27.59988393105839
27.59988393105839
27.59988393105839
27.59988393105839
27.735916912397652
27.735916912397652
27.735916912397652
27.853809435865006
27.853809435865006
27.853809435865006
27.853809435865006
27.92539846489678
27.92539846489678
27.92539846489678
27.92539846489678
27.948032620555008
27.948032620555008
27.948032620555008
28.083389096962463
28.083389096962463
28.083389096962463
28.19797773313231
28.19797773313231
28.19797773313231
28.26965618441101
28.26965618441101
28.26965618441101
28.26965618441101
28.325350972636507
28.325350972636507
28.325350972636507
28.354814784154986
28.354814784154986
28.354814784154986
28.385137103091296
28.385137103091296
28.385137103091296
28.385137103091296
28.481624931062917
28.481624931062917
28.481624931062917
28.481624931062917
28.56832481982603
28.56832481982603
28.56832481982603
28.61049095158357
28.61049095158357
28.61049095158357
28.814015943521675
28.814015943521675
28.814015943521675
28.828290603785522
28.828290603785522
28.828290603785522
28.96298945252022
28.96298945252022
28.96298945252022
29.03368794229539
29.03368794229539
29.03368794229539
29.094890826899263
29.094890826899263
29.094890826899263
29.094890826899263
29.211563718798455
29.211563718798455
29.211563718798455
29.211563718798455
29.22895548264731
29.22895548264731
29.22895548264731
29.411131057727346
29.411131057727346
29.411131057727346
29.6590723001989
29.6590723001989
29.6590723001989
29.6590723001989
29.805885307334336
29.805885307334336
29.805885307334336
29.805885307334336
29.863722402950497
29.863722402950497
29.863722402950497
29.96694673934545
29.96694673934545
29.96694673934545
29.996318703022478
29.996318703022478
29.996318703022478
30.222436036040083
30.222436036040083
30.222436036040083
30.24107270021139
30.24107270021139
30.24107270021139
30.381534308507973
30.381534308507973
30.381534308507973
30.422641604812213
30.422641604812213
30.422641604812213
30.520374012395287
30.520374012395287
30.520374012395287
30.520374012395287
30.533935963245387
30.533935963245387
30.533935963245387
30.69778160322889
30.69778160322889
30.69778160322889
30.721917924642135
30.721917924642135
30.721917924642135
30.721917924642135
30.844199024900323
30.844199024900323
30.844199024900323
30.853635432616308
30.853635432616308
30.853635432616308
30.853635432616308
31.020640384705523
31.020640384705523
31.020640384705523
31.229779212571597
31.229779212571597
31.229779212571597
31.229779212571597
31.289912421287546
31.289912421287546
31.289912421287546
31.301519597719334
31.301519597719334
31.301519597719334
31.6429557206312
31.6429557206312
31.6429557206312
31.653494695373638
31.653494695373638
31.653494695373638
31.85044351009722
31.85044351009722
31.85044351009722
31.857792369090884
31.857792369090884
31.857792369090884
32.032183876643074
32.032183876643074
32.032183876643074
32.08916621574012
32.08916621574012
32.08916621574012
32.13293116668996
32.13293116668996
32.13293116668996
32.14204412957975
32.14204412957975
32.14204412957975
32.14204412957975
32.32612460869451
32.32612460869451
32.32612460869451
32.365089936787406
32.365089936787406
32.365089936787406
32.366258978570485
32.366258978570485
32.366258978570485
32.366258978570485
32.48224620435489
32.48224620435489
32.48224620435489
32.5977751033297
32.5977751033297
32.5977751033297
32.599288464950334
32.599288464950334
32.599288464950334
32.693632228982956
32.693632228982956
32.693632228982956
32.693632228982956
32.91781820723989
32.91781820723989
32.91781820723989
32.97180850740568
32.97180850740568
32.97180850740568
32.97180850740568
33.11138459564902
33.11138459564902
33.11138459564902
33.11138459564902
33.19191935999485
33.19191935999485
33.19191935999485
33.28002902452467
33.28002902452467
33.28002902452467
33.30521620984898
33.30521620984898
33.30521620984898
33.30521620984898
33.36591855738011
33.36591855738011
33.36591855738011
33.36591855738011
33.561412531085665
33.561412531085665
33.561412531085665
33.586477213233955
33.586477213233955
33.586477213233955
33.586477213233955
33.674119656733644
33.674119656733644
33.674119656733644
33.758855696949965
33.758855696949965
33.758855696949965
33.835322398068854
33.835322398068854
33.835322398068854
33.835322398068854
33.84271666422181
33.84271666422181
33.84271666422181
33.86330724343779
33.86330724343779
33.86330724343779
34.04205460287877
34.04205460287877
34.04205460287877
34.075749142874244
34.075749142874244
34.075749142874244
34.16915781504814
34.16915781504814
34.16915781504814
34.17014963960431
34.17014963960431
34.17014963960431
34.17014963960431
34.55618570989202
34.55618570989202
34.55618570989202
34.60853450853891
34.60853450853891
34.60853450853891
34.70491593961925
34.70491593961925
34.70491593961925
34.70491593961925
35.1349497201902
35.1349497201902
35.1349497201902
35.159528442111224
35.159528442111224
35.159528442111224
35.159528442111224
35.28731584040623
35.28731584040623
35.28731584040623
35.28731584040623
35.32133628368967
35.32133628368967
35.32133628368967
35.37978688370792
35.37978688370792
35.37978688370792
35.452108840188764
35.452108840188764
35.452108840188764
35.59289989196445
35.59289989196445
35.59289989196445
35.76514918018806
35.76514918018806
35.76514918018806
35.902100519835685
35.902100519835685
35.902100519835685
35.902100519835685
35.91974013963026
35.91974013963026
35.91974013963026
35.91974013963026
35.93303019950392
35.93303019950392
35.93303019950392
35.99303578865297
35.99303578865297
35.99303578865297
35.99303578865297
36.33687736216956
36.33687736216956
36.33687736216956
36.33687736216956
36.44973985852205
36.44973985852205
36.44973985852205
36.44973985852205
36.51259932289536
36.51259932289536
36.51259932289536
36.51259932289536
36.54992446849114
36.54992446849114
36.54992446849114
36.847759670329175
36.847759670329175
36.847759670329175
36.847759670329175
36.93476609915795
36.93476609915795
36.93476609915795
36.93476609915795
37.18149744508868
37.18149744508868
37.18149744508868
37.33507923980432
37.33507923980432
37.33507923980432
37.341264435813436
37.341264435813436
37.341264435813436
37.54007122455824
37.54007122455824
37.54007122455824
37.64166333286598
37.64166333286598
37.64166333286598
37.64166333286598
37.74439214488699
37.74439214488699
37.74439214488699
37.74439214488699
37.758738307155
37.758738307155
37.758738307155
37.851222458367694
37.851222458367694
37.851222458367694
37.988180427841414
37.988180427841414
37.988180427841414
38.150444585412345
38.150444585412345
38.150444585412345
38.15334329025955
38.15334329025955
38.15334329025955
38.17068141823417
38.17068141823417
38.17068141823417
38.17068141823417
38.481575205076474
38.481575205076474
38.481575205076474
38.48729526650735
38.48729526650735
38.48729526650735
38.556832381806785
38.556832381806785
38.556832381806785
38.666226533565194
38.666226533565194
38.666226533565194
38.72826718197834
38.72826718197834
38.72826718197834
38.72826718197834
38.73010255842468
38.73010255842468
38.73010255842468
38.774224061240375
38.774224061240375
38.774224061240375
38.77785938682604
38.77785938682604
38.77785938682604
38.8674748358665
38.8674748358665
38.8674748358665
38.87720755618852
38.87720755618852
38.87720755618852
38.88275106620347
38.88275106620347
38.88275106620347
38.92114190676569
38.92114190676569
38.92114190676569
38.97740411489757
38.97740411489757
38.97740411489757
38.98034572456226
38.98034572456226
38.98034572456226
38.99696864038696
38.99696864038696
38.99696864038696
38.99696864038696
39.321339127927644
39.321339127927644
39.321339127927644
39.39246750705092
39.39246750705092
39.39246750705092
39.49765133604358
39.49765133604358
39.49765133604358
39.58359707813147
39.58359707813147
39.58359707813147
39.58359707813147
39.84952453488813
39.84952453488813
39.84952453488813
39.888270549018095
39.888270549018095
39.888270549018095
39.888270549018095
40.11070315758721
40.11070315758721
40.11070315758721
40.12372053533023
40.12372053533023
40.12372053533023
40.12372053533023
40.148068180886405
40.148068180886405
40.148068180886405
40.148068180886405
40.15505648208788
40.15505648208788
40.15505648208788
40.364408688820845
40.364408688820845
40.364408688820845
40.38937641729107
40.38937641729107
40.38937641729107
40.38937641729107
40.4519665408681
40.4519665408681
40.4519665408681
40.56817350679665
40.56817350679665
40.56817350679665
40.60053580423712
40.60053580423712
40.60053580423712
40.60053580423712
40.65913428519189
40.65913428519189
40.65913428519189
40.65913428519189
40.686394329489616
40.686394329489616
40.686394329489616
40.70448288294652
40.70448288294652
40.70448288294652
40.72345346979939
40.72345346979939
40.72345346979939
40.72345346979939
40.78034185956773
40.78034185956773
40.78034185956773
40.95051786092683
40.95051786092683
40.95051786092683
41.05762085877743
41.05762085877743
41.05762085877743
41.15935269742269
41.15935269742269
41.15935269742269
41.181311964120304
41.181311964120304
41.181311964120304
41.22560077390056
41.22560077390056
41.22560077390056
41.412951075436666
41.412951075436666
41.412951075436666
41.412951075436666
41.50937885540038
41.50937885540038
41.50937885540038
41.52160747245423
41.52160747245423
41.52160747245423
41.67603801295142
41.67603801295142
41.67603801295142
41.77404256604476
41.77404256604476
41.77404256604476
41.77404256604476
41.81249190009872
41.81249190009872
41.81249190009872
41.81249190009872
41.92302173470712
41.92302173470712
41.92302173470712
42.07062655548564
42.07062655548564
42.07062655548564
42.19519192977978
42.19519192977978
42.19519192977978
42.55072777854283
42.55072777854283
42.55072777854283
42.56999456776558
42.56999456776558
42.56999456776558
42.69430335174236
42.69430335174236
42.69430335174236
42.69430335174236
43.15631894174707
43.15631894174707
43.15631894174707
43.202546061351114
43.202546061351114
43.202546061351114
43.202546061351114
43.220091479760384
43.220091479760384
43.220091479760384
43.404623248717414
43.404623248717414
43.404623248717414
43.41044083347659
43.41044083347659
43.41044083347659
43.508156248083836
43.508156248083836
43.508156248083836
43.51951968953761
43.51951968953761
43.51951968953761
43.550458779978335
43.550458779978335
43.550458779978335
43.550458779978335
43.778400554164676
43.778400554164676
43.778400554164676
43.957497847203925
43.957497847203925
43.957497847203925
43.957497847203925
43.958424436377385
43.958424436377385
43.958424436377385
43.98804243512437
43.98804243512437
43.98804243512437
44.0807838437039
44.0807838437039
44.0807838437039
44.08168795729397
44.08168795729397
44.08168795729397
44.19832277498725
44.19832277498725
44.19832277498725
44.22072424076014
44.22072424076014
44.22072424076014
44.28274663222447
44.28274663222447
44.28274663222447
44.28274663222447
44.316889733651465
44.316889733651465
44.316889733651465
44.316889733651465
44.3645769270326
44.3645769270326
44.3645769270326
44.3645769270326
44.394864281170534
44.394864281170534
44.394864281170534
44.6005190243133
44.6005190243133
44.6005190243133
44.6005190243133
44.6269050169078
44.6269050169078
44.6269050169078
44.6269050169078
44.714150826065975
44.714150826065975
44.714150826065975
44.81395944980957
44.81395944980957
44.81395944980957
44.81395944980957
45.18085414068938
45.18085414068938
45.18085414068938
45.18085414068938
45.20599628800703
45.20599628800703
45.20599628800703
45.31068397166791
45.31068397166791
45.31068397166791
45.34238151159404
45.34238151159404
45.34238151159404
45.37467850906665
45.37467850906665
45.37467850906665
45.40655809158581
45.40655809158581
45.40655809158581
45.43476218474347
45.43476218474347
45.43476218474347
45.49914220183518
45.49914220183518
45.49914220183518
45.67469595782176
45.67469595782176
45.67469595782176
45.67469595782176
46.007542029143146
46.007542029143146
46.007542029143146
46.14977116641026
46.14977116641026
46.14977116641026
46.16809938227659
46.16809938227659
46.16809938227659
46.16809938227659
46.467055152900585
46.467055152900585
46.467055152900585
46.467055152900585
46.60207839201908
46.60207839201908
46.60207839201908
46.61725694744256
46.61725694744256
46.61725694744256
46.61725694744256
46.69093723482434
46.69093723482434
46.69093723482434
46.72111373139706
46.72111373139706
46.72111373139706
46.77049591910795
46.77049591910795
46.77049591910795
46.77049591910795
46.80830518350929
46.80830518350929
46.80830518350929
46.81640108570151
46.81640108570151
46.81640108570151
46.971366115311085
46.971366115311085
46.971366115311085
46.971366115311085
47.01142749882203
47.01142749882203
47.01142749882203
47.01142749882203
47.346192479834556
47.346192479834556
47.346192479834556
47.583648579839256
47.583648579839256
47.583648579839256
47.74075618164901
47.74075618164901
47.74075618164901
47.79026711013402
47.79026711013402
47.79026711013402
47.79825682774339
47.79825682774339
47.79825682774339
47.80162415229972
47.80162415229972
47.80162415229972
48.03290981588596
48.03290981588596
48.03290981588596
48.03290981588596
48.08797973801215
48.08797973801215
48.08797973801215
48.167004304869984
48.167004304869984
48.167004304869984
48.372324169008195
48.372324169008195
48.372324169008195
48.41272508941859
48.41272508941859
48.41272508941859
48.41272508941859
48.60324770466752
48.60324770466752
48.60324770466752
48.70329392435517
48.70329392435517
48.70329392435517
48.78547329295029
48.78547329295029
48.78547329295029
48.78547329295029
48.80860775473869
48.80860775473869
48.80860775473869
48.91976410445685
48.91976410445685
48.91976410445685
48.91976410445685
49.27228547903425
49.27228547903425
49.27228547903425
49.3023533025325
49.3023533025325
49.3023533025325
49.539872545033965
49.539872545033965
49.539872545033965
49.539872545033965
49.62968963513508
49.62968963513508
49.62968963513508
49.62968963513508
49.65308741708603
49.65308741708603
49.65308741708603
49.73814218600211
49.73814218600211
49.73814218600211
49.79017087184246
49.79017087184246
49.79017087184246
49.94792794921176
49.94792794921176
49.94792794921176
49.96272660644236
49.96272660644236
49.96272660644236
50.223539550601096
50.223539550601096
50.223539550601096
50.223539550601096
50.23877468750004
50.23877468750004
50.23877468750004
50.23877468750004
50.288664934879264
50.288664934879264
50.288664934879264
50.332294924877246
50.332294924877246
50.332294924877246
50.332294924877246
50.33401844568687
50.33401844568687
50.33401844568687
50.33401844568687
50.51915310348006
50.51915310348006
50.51915310348006
50.51915310348006
50.52954422101973
50.52954422101973
50.52954422101973
50.82079274165943
50.82079274165943
50.82079274165943
50.82079274165943
51.29262541879459
51.29262541879459
51.29262541879459
51.29262541879459
51.35557412052478
51.35557412052478
51.35557412052478
51.542930770895964
51.542930770895964
51.542930770895964
51.572657572705246
51.572657572705246
51.572657572705246
51.85088816923486
51.85088816923486
51.85088816923486
51.88483275298544
51.88483275298544
51.88483275298544
52.1988652310785
52.1988652310785
52.1988652310785
52.231788771610496
52.231788771610496
52.231788771610496
52.28039193981674
52.28039193981674
52.28039193981674
52.33045879302172
52.33045879302172
52.33045879302172
52.416122336989616
52.416122336989616
52.416122336989616
52.4233768019943
52.4233768019943
52.4233768019943
52.44827697367304
52.44827697367304
52.44827697367304
52.47251739427339
52.47251739427339
52.47251739427339
52.50951970849842
52.50951970849842
52.50951970849842
52.75529036436207
52.75529036436207
52.75529036436207
52.97812296256157
52.97812296256157
52.97812296256157
52.97812296256157
53.184068119265305
53.184068119265305
53.184068119265305
53.234176066084444
53.234176066084444
53.234176066084444
53.234176066084444
53.306971738309606
53.306971738309606
53.306971738309606
53.306971738309606
53.39372699747256
53.39372699747256
53.39372699747256
53.45472505766176
53.45472505766176
53.45472505766176
53.45472505766176
53.47187698957967
53.47187698957967
53.47187698957967
53.58793808224534
53.58793808224534
53.58793808224534
53.953421265984204
53.953421265984204
53.953421265984204
54.059591235143685
54.059591235143685
54.059591235143685
54.059591235143685
54.195236135534756
54.195236135534756
54.195236135534756
54.37513588754216
54.37513588754216
54.37513588754216
54.62801721747117
54.62801721747117
54.62801721747117
54.6439987126919
54.6439987126919
54.6439987126919
54.67588704162203
54.67588704162203
54.67588704162203
54.81028726058202
54.81028726058202
54.81028726058202
54.950592360479504
54.950592360479504
54.950592360479504
55.07030495861769
55.07030495861769
55.07030495861769
55.07030495861769
55.104454056209654
55.104454056209654
55.104454056209654
55.141081333170824
55.141081333170824
55.141081333170824
55.15196593380817
55.15196593380817
55.15196593380817
55.30966529807398
55.30966529807398
55.30966529807398
55.32683339543364
55.32683339543364
55.32683339543364
55.32683339543364
55.34852764819358
55.34852764819358
55.34852764819358
55.39280820115074
55.39280820115074
55.39280820115074
55.44658601300639
55.44658601300639
55.44658601300639
55.44658601300639
55.49427082310484
55.49427082310484
55.49427082310484
55.49427082310484
55.55263335367561
55.55263335367561
55.55263335367561
55.55263335367561
55.60839070834005
55.60839070834005
55.60839070834005
55.60839070834005
55.6431976287643
55.6431976287643
55.6431976287643
55.648179873670074
55.648179873670074
55.648179873670074
55.648179873670074
55.68417734520426
55.68417734520426
55.68417734520426
55.68417734520426
55.77129258420711
55.77129258420711
55.77129258420711
55.85103691944808
55.85103691944808
55.85103691944808
55.88963794255555
55.88963794255555
55.88963794255555
55.90164561533273
55.90164561533273
55.90164561533273
55.90164561533273
56.04056399561411
56.04056399561411
56.04056399561411
56.06971818528605
56.06971818528605
56.06971818528605
56.06971818528605
56.07216217106918
56.07216217106918
56.07216217106918
56.11573597546712
56.11573597546712
56.11573597546712
56.11573597546712
56.16555178683215
56.16555178683215
56.16555178683215
56.32555258299
56.32555258299
56.32555258299
56.32555258299
56.336289483581915
56.336289483581915
56.336289483581915
56.367407272009835
56.367407272009835
56.367407272009835
56.367407272009835
56.402381870019546
56.402381870019546
56.402381870019546
56.402381870019546
56.45386814254981
56.45386814254981
56.45386814254981
56.45386814254981
56.57995763396207
56.57995763396207
56.57995763396207
56.66644432419633
56.66644432419633
56.66644432419633
56.66644432419633
56.748187717566175
56.748187717566175
56.748187717566175
56.754312535819686
56.754312535819686
56.754312535819686
56.754312535819686
56.87592561455479
56.87592561455479
56.87592561455479
56.94185513175107
56.94185513175107
56.94185513175107
57.17346513007806
57.17346513007806
57.17346513007806
57.2121304703961
57.2121304703961
57.2121304703961
57.283862413447636
57.283862413447636
57.283862413447636
57.45928488567309
57.45928488567309
57.45928488567309
57.45928488567309
57.598720424591825
57.598720424591825
57.598720424591825
57.598720424591825
57.64141574329785
57.64141574329785
57.64141574329785
57.964880068135415
57.964880068135415
57.964880068135415
58.06501637150911
58.06501637150911
58.06501637150911
58.31022533310527
58.31022533310527
58.31022533310527
58.57956806810746
58.57956806810746
58.57956806810746
58.57956806810746
58.62741210187013
58.62741210187013
58.62741210187013
58.92011186473921
58.92011186473921
58.92011186473921
58.965262913246896
58.965262913246896
58.965262913246896
58.965262913246896
59.038438484807656
59.038438484807656
59.038438484807656
59.226085607204986
59.226085607204986
59.226085607204986
59.33907919770192
59.33907919770192
59.33907919770192
59.33907919770192
59.36404414577109
59.36404414577109
59.36404414577109
59.4108291199842
59.4108291199842
59.4108291199842
59.4108291199842
59.49668484817006
59.49668484817006
59.49668484817006
59.49668484817006
59.508501335874925
59.508501335874925
59.508501335874925
59.508501335874925
59.52436835695051
59.52436835695051
59.52436835695051
59.555214392999446
59.555214392999446
59.555214392999446
59.57288803831602
59.57288803831602
59.57288803831602
59.57288803831602
59.91100793366639
59.91100793366639
59.91100793366639
59.92287500467712
59.92287500467712
59.92287500467712
60.03273522720291
60.03273522720291
60.03273522720291
60.082351445742496
60.082351445742496
60.082351445742496
60.160914070085326
60.160914070085326
60.160914070085326
60.23519613041939
60.23519613041939
60.23519613041939
60.26122600905334
60.26122600905334
60.26122600905334
60.27516627141089
60.27516627141089
60.27516627141089
60.27516627141089
60.376130983596184
60.376130983596184
60.376130983596184
60.376130983596184
60.39775342908691
60.39775342908691
60.39775342908691
60.61471334905595
60.61471334905595
60.61471334905595
60.76901482742836
60.76901482742836
60.76901482742836
60.83945781098994
60.83945781098994
60.83945781098994
60.83945781098994
60.92498689594551
60.92498689594551
60.92498689594551
60.92498689594551
61.14173835062925
61.14173835062925
61.14173835062925
61.14173835062925
61.1828440161464
61.1828440161464
61.1828440161464
61.22791847371313
61.22791847371313
61.22791847371313
61.22791847371313
61.51383038813889
61.51383038813889
61.51383038813889
61.621641211542475
61.621641211542475
61.621641211542475
61.621641211542475
61.689411320920414
61.689411320920414
61.689411320920414
61.73462066755503
61.73462066755503
61.73462066755503
61.81837246172729
61.81837246172729
61.81837246172729
61.81837246172729
62.114527886153496
62.114527886153496
62.114527886153496
62.19924304482533
62.19924304482533
62.19924304482533
62.22030423108776
62.22030423108776
62.22030423108776
62.22297943281142
62.22297943281142
62.22297943281142
62.47518956566292
62.47518956566292
62.47518956566292
62.488546385233235
62.488546385233235
62.488546385233235
62.68735998257478
62.68735998257478
62.68735998257478
62.68735998257478
62.83276061250484
62.83276061250484
62.83276061250484
63.06243156715749
63.06243156715749
63.06243156715749
63.06243156715749
63.29603943375329
63.29603943375329
63.29603943375329
63.52582756932556
63.52582756932556
63.52582756932556
63.52582756932556
63.56468037715142
63.56468037715142
63.56468037715142
63.57281808271803
63.57281808271803
63.57281808271803
63.699064194578646
63.699064194578646
63.699064194578646
63.738483870070084
63.738483870070084
63.738483870070084
63.79665524843578
63.79665524843578
63.79665524843578
63.79665524843578
63.89728878951947
63.89728878951947
63.89728878951947
63.91108991688548
63.91108991688548
63.91108991688548
63.91108991688548
64.00786573655175
64.00786573655175
64.00786573655175
64.18407918990766
64.18407918990766
64.18407918990766
64.18407918990766
64.49040125596497
64.49040125596497
64.49040125596497
64.62578768503313
64.62578768503313
64.62578768503313
64.67394834666868
64.67394834666868
64.67394834666868
64.67394834666868
64.8421127533016
64.8421127533016
64.8421127533016
65.03201464051989
65.03201464051989
65.03201464051989
65.27083406194352
65.27083406194352
65.27083406194352
65.27083406194352
65.43498353366431
65.43498353366431
65.43498353366431
65.63266493872183
65.63266493872183
65.63266493872183
65.76093912734493
65.76093912734493
65.76093912734493
65.76093912734493
65.86218792814755
65.86218792814755
65.86218792814755
65.86218792814755
65.86582333568606
65.86582333568606
65.86582333568606
65.86582333568606
65.8659643482549
65.8659643482549
65.8659643482549
65.8843725203835
65.8843725203835
65.8843725203835
65.94179458825677
65.94179458825677
65.94179458825677
66.0098101044144
66.0098101044144
66.0098101044144
66.0098101044144
66.11105104914303
66.11105104914303
66.11105104914303
66.11105104914303
66.53618708914068
66.53618708914068
66.53618708914068
66.7278115127484
66.7278115127484
66.7278115127484
66.72909304780799
66.72909304780799
66.72909304780799
66.82272631711758
66.82272631711758
66.82272631711758
66.82272631711758
66.91415258708724
66.91415258708724
66.91415258708724
66.97182685867467
66.97182685867467
66.97182685867467
67.16767352046296
67.16767352046296
67.16767352046296
67.59476821060517
67.59476821060517
67.59476821060517
67.61392692725993
67.61392692725993
67.61392692725993
67.61915294599314
67.61915294599314
67.61915294599314
67.65303339019658
67.65303339019658
67.65303339019658
67.71885504897607
67.71885504897607
67.71885504897607
67.72886360192024
67.72886360192024
67.72886360192024
67.81395801130165
67.81395801130165
67.81395801130165
67.81621066366434
67.81621066366434
67.81621066366434
67.81621066366434
67.94708110962817
67.94708110962817
67.94708110962817
68.29733695628416
68.29733695628416
68.29733695628416
68.46004360742042
68.46004360742042
68.46004360742042
68.53362763179679
68.53362763179679
68.53362763179679
68.92602207522106
68.92602207522106
68.92602207522106
69.1809078472
69.1809078472
69.1809078472
69.1809078472
69.29161071874599
69.29161071874599
69.29161071874599
69.45203723415914
69.45203723415914
69.45203723415914
69.45203723415914
69.51653393383496
69.51653393383496
69.51653393383496
69.51653393383496
69.52065332968196
69.52065332968196
69.52065332968196
69.56948539486618
69.56948539486618
69.56948539486618
69.6371197019937
69.6371197019937
69.6371197019937
69.69617892127762
69.69617892127762
69.69617892127762
69.74857367512467
69.74857367512467
69.74857367512467
69.90717918878241
69.90717918878241
69.90717918878241
69.90717918878241
69.95002608787827
69.95002608787827
69.95002608787827
70.09295387280574
70.09295387280574
70.09295387280574
70.43153006996344
70.43153006996344
70.43153006996344
70.53542180554832
70.53542180554832
70.53542180554832
70.6741893377059
70.6741893377059
70.6741893377059
70.72238662406397
70.72238662406397
70.72238662406397
70.77332663326865
70.77332663326865
70.77332663326865
71.34472172586527
71.34472172586527
71.34472172586527
71.3484304147127
71.3484304147127
71.3484304147127
71.3484304147127
71.44812832950555
71.44812832950555
71.44812832950555
71.44812832950555
71.47949190200781
71.47949190200781
71.47949190200781
71.47949190200781
71.60843119388821
71.60843119388821
71.60843119388821
71.90511759465608
71.90511759465608
71.90511759465608
71.90511759465608
71.92255590405884
71.92255590405884
71.92255590405884
71.92255590405884
71.93123979706321
71.93123979706321
71.93123979706321
71.93123979706321
71.97881917420146
71.97881917420146
71.97881917420146
72.16481020709173
72.16481020709173
72.16481020709173
72.18870710022878
72.18870710022878
72.18870710022878
72.18870710022878
72.25848624306252
72.25848624306252
72.25848624306252
72.34347027864105
72.34347027864105
72.34347027864105
72.34347027864105
72.38378835922353
72.38378835922353
72.38378835922353
72.39663894106184
72.39663894106184
72.39663894106184
72.63108177203208
72.63108177203208
72.63108177203208
72.63108177203208
72.78278868609405
72.78278868609405
72.78278868609405
72.80481784758572
72.80481784758572
72.80481784758572
72.88805379858051
72.88805379858051
72.88805379858051
72.88805379858051
73.07209817856307
73.07209817856307
73.07209817856307
73.16692372239976
73.16692372239976
73.16692372239976
73.30467253590902
73.30467253590902
73.30467253590902
73.44336345441717
73.44336345441717
73.44336345441717
73.44336345441717
73.44801808098757
73.44801808098757
73.44801808098757
73.44801808098757
73.52752497856368
73.52752497856368
73.52752497856368
73.52752497856368
73.58309245130675
73.58309245130675
73.58309245130675
73.64151827131555
73.64151827131555
73.64151827131555
73.64151827131555
73.64228278098939
73.64228278098939
73.64228278098939
73.77365219815003
73.77365219815003
73.77365219815003
73.77365219815003
73.97203215881514
73.97203215881514
73.97203215881514
73.97203215881514
73.99044376304171
73.99044376304171
73.99044376304171
74.44023841026755
74.44023841026755
74.44023841026755
74.44023841026755
74.56390701508735
74.56390701508735
74.56390701508735
74.6592411773304
74.6592411773304
74.6592411773304
74.85386945625164
74.85386945625164
74.85386945625164
74.93207496856151
74.93207496856151
74.93207496856151
75.02313166208619
75.02313166208619
75.02313166208619
75.15850702981771
75.15850702981771
75.15850702981771
75.21151074031847
75.21151074031847
75.21151074031847
75.21151074031847
75.27142289693721
75.27142289693721
75.27142289693721
75.31799516883314
75.31799516883314
75.31799516883314
75.39222200263414
75.39222200263414
75.39222200263414
75.42024974406938
75.42024974406938
75.42024974406938
75.69649661997583
75.69649661997583
75.69649661997583
75.69649661997583
75.70114650865217
75.70114650865217
75.70114650865217
75.70114650865217
75.80831102193247
75.80831102193247
75.80831102193247
75.83508434634629
75.83508434634629
75.83508434634629
75.83508434634629
75.98781643934554
75.98781643934554
75.98781643934554
75.98781643934554
76.14982010961845
76.14982010961845
76.14982010961845
76.22724000710777
76.22724000710777
76.22724000710777
76.22724000710777
76.5247461547979
76.5247461547979
76.5247461547979
76.5247461547979
76.61446325154252
76.61446325154252
76.61446325154252
76.64369693076553
76.64369693076553
76.64369693076553
76.79942791946368
76.79942791946368
76.79942791946368
76.79942791946368
76.92939079305442
76.92939079305442
76.92939079305442
77.11576134967409
77.11576134967409
77.11576134967409
77.22769264875707
77.22769264875707
77.22769264875707
77.2291223149974
77.2291223149974
77.2291223149974
77.27588737497192
77.27588737497192
77.27588737497192
77.29737905359376
77.29737905359376
77.29737905359376
77.41468159471583
77.41468159471583
77.41468159471583
77.42331705823092
77.42331705823092
77.42331705823092
77.42331705823092
77.53677153406065
77.53677153406065
77.53677153406065
77.63912474576476
77.63912474576476
77.63912474576476
77.63912474576476
77.64454981573951
77.64454981573951
77.64454981573951
77.78217286361323
77.78217286361323
77.78217286361323
77.94223561321962
77.94223561321962
77.94223561321962
77.99069336498968
77.99069336498968
77.99069336498968
77.99069336498968
78.05787528307752
78.05787528307752
78.05787528307752
78.11565236744316
78.11565236744316
78.11565236744316
78.13166464958059
78.13166464958059
78.13166464958059
78.13166464958059
78.22570945728462
78.22570945728462
78.22570945728462
78.23563276312463
78.23563276312463
78.23563276312463
78.25449852696725
78.25449852696725
78.25449852696725
78.29763557389418
78.29763557389418
78.29763557389418
78.39614081822454
78.39614081822454
78.39614081822454
78.4131962300743
78.4131962300743
78.4131962300743
78.56993983887017
78.56993983887017
78.56993983887017
78.59143866219063
78.59143866219063
78.59143866219063
78.83123419894895
78.83123419894895
78.83123419894895
78.86157075456315
78.86157075456315
78.86157075456315
78.86157075456315
78.86715421793343
78.86715421793343
78.86715421793343
78.86715421793343
78.95015668230879
78.95015668230879
78.95015668230879
79.09623670754095
79.09623670754095
79.09623670754095
79.28875284320672
79.28875284320672
79.28875284320672
79.47107258741066
79.47107258741066
79.47107258741066
79.53119085158974
79.53119085158974
79.53119085158974
79.53119085158974
79.69295337685861
79.69295337685861
79.69295337685861
79.767633019826
79.767633019826
79.767633019826
80.03163671385498
80.03163671385498
80.03163671385498
80.1577116028475
80.1577116028475
80.1577116028475
80.16090285935702
80.16090285935702
80.16090285935702
80.16090285935702
80.1755506476508
80.1755506476508
80.1755506476508
80.39831852642742
80.39831852642742
80.39831852642742
80.39831852642742
80.48620839998578
80.48620839998578
80.48620839998578
80.49412445318029
80.49412445318029
80.49412445318029
80.49412445318029
80.6714937707183
80.6714937707183
80.6714937707183
80.68053566827442
80.68053566827442
80.68053566827442
80.68053566827442
80.72957870675415
80.72957870675415
80.72957870675415
80.73737340601744
80.73737340601744
80.73737340601744
80.89412273819529
80.89412273819529
80.89412273819529
81.02814036283506
81.02814036283506
81.02814036283506
81.02814036283506
81.20693947810362
81.20693947810362
81.20693947810362
81.20693947810362
81.27261754787821
81.27261754787821
81.27261754787821
81.29466998482614
81.29466998482614
81.29466998482614
81.42975429769263
81.42975429769263
81.42975429769263
81.6612134837977
81.6612134837977
81.6612134837977
81.80406348556116
81.80406348556116
81.80406348556116
81.99628818460955
81.99628818460955
81.99628818460955
82.21680194477116
82.21680194477116
82.21680194477116
82.21680194477116
82.43247865998022
82.43247865998022
82.43247865998022
82.45769815790896
82.45769815790896
82.45769815790896
82.54319106711685
82.54319106711685
82.54319106711685
82.54319106711685
82.5531431115583
82.5531431115583
82.5531431115583
82.67738806616798
82.67738806616798
82.67738806616798
82.74458306736157
82.74458306736157
82.74458306736157
82.88727726747824
82.88727726747824
82.88727726747824
82.89291970814303
82.89291970814303
82.89291970814303
82.89291970814303
82.92588583888437
82.92588583888437
82.92588583888437
82.93806321587117
82.93806321587117
82.93806321587117
82.93806321587117
82.96582199177517
82.96582199177517
82.96582199177517
82.97600250963366
82.97600250963366
82.97600250963366
82.97600250963366
82.97739882419685
82.97739882419685
82.97739882419685
82.97739882419685
83.03242292802493
83.03242292802493
83.03242292802493
83.03242292802493
83.07771482506372
83.07771482506372
83.07771482506372
83.07771482506372
83.21190344417133
83.21190344417133
83.21190344417133
83.30546783063163
83.30546783063163
83.30546783063163
83.30546783063163
83.63920230904156
83.63920230904156
83.63920230904156
83.63920230904156
83.79334596012352
83.79334596012352
83.79334596012352
83.85830220220987
83.85830220220987
83.85830220220987
83.86043477804208
83.86043477804208
83.86043477804208
83.89401168802291
83.89401168802291
83.89401168802291
83.93298744247448
83.93298744247448
83.93298744247448
83.94404353544743
83.94404353544743
83.94404353544743
83.94404353544743
84.0555654337386
84.0555654337386
84.0555654337386
84.06786927707246
84.06786927707246
84.06786927707246
84.27676779464578
84.27676779464578
84.27676779464578
84.27676779464578
84.35110527945153
84.35110527945153
84.35110527945153
84.52710518126712
84.52710518126712
84.52710518126712
84.53517662988547
84.53517662988547
84.53517662988547
84.53517662988547
84.57622172357856
84.57622172357856
84.57622172357856
84.57622172357856
84.69077819901996
84.69077819901996
84.69077819901996
84.79883883773776
84.79883883773776
84.79883883773776
84.84973143094969
84.84973143094969
84.84973143094969
84.86368412496928
84.86368412496928
84.86368412496928
84.88616918886292
84.88616918886292
84.88616918886292
84.91972481216158
84.91972481216158
84.91972481216158
85.09638671761951
85.09638671761951
85.09638671761951
85.09638671761951
85.20714315205532
85.20714315205532
85.20714315205532
85.20714315205532
85.24033572648652
85.24033572648652
85.24033572648652
85.51744754911056
85.51744754911056
85.51744754911056
85.51744754911056
85.52603878766318
85.52603878766318
85.52603878766318
85.57399510869226
85.57399510869226
85.57399510869226
85.6522617029608
85.6522617029608
85.6522617029608
85.65791840743971
85.65791840743971
85.65791840743971
85.65791840743971
85.68930811367481
85.68930811367481
85.68930811367481
85.68930811367481
85.70886697416093
85.70886697416093
85.70886697416093
85.70886697416093
85.74833614739852
85.74833614739852
85.74833614739852
85.74833614739852
85.80149165795424
85.80149165795424
85.80149165795424
85.80149165795424
85.84072571637856
85.84072571637856
85.84072571637856
85.84072571637856
85.85991144010355
85.85991144010355
85.85991144010355
85.85991144010355
85.8667108780631
85.8667108780631
85.8667108780631
85.8667108780631
85.91884773190569
85.91884773190569
85.91884773190569
85.97452583799932
85.97452583799932
85.97452583799932
86.05676646576819
86.05676646576819
86.05676646576819
86.05676646576819
86.06681515909376
86.06681515909376
86.06681515909376
86.13917081354587
86.13917081354587
86.13917081354587
86.16405323851062
86.16405323851062
86.16405323851062
86.21535830558898
86.21535830558898
86.21535830558898
86.33890660828331
86.33890660828331
86.33890660828331
86.58585093477394
86.58585093477394
86.58585093477394
86.98841887702065
86.98841887702065
86.98841887702065
87.11334735623299
87.11334735623299
87.11334735623299
87.15074134446216
87.15074134446216
87.15074134446216
87.36070793471168
87.36070793471168
87.36070793471168
87.47319829974344
87.47319829974344
87.47319829974344
87.68675047423638
87.68675047423638
87.68675047423638
87.85498663874759
87.85498663874759
87.85498663874759
87.94154464866419
87.94154464866419
87.94154464866419
87.94154464866419
88.02732669664671
88.02732669664671
88.02732669664671
88.1729717158205
88.1729717158205
88.1729717158205
88.1729717158205
88.31274869039937
88.31274869039937
88.31274869039937
88.31274869039937
88.32605722402005
88.32605722402005
88.32605722402005
88.5016055227592
88.5016055227592
88.61488531662478
88.61488531662478
88.61488531662478
88.61488531662478
88.81047383498698
88.81047383498698
88.81047383498698
88.93392591135749
88.93392591135749
88.93392591135749
88.99755731662077
88.99755731662077
88.99755731662077
89.29710643601896
89.29710643601896
89.29710643601896
89.3032628946534
89.3032628946534
89.3032628946534
89.37544139571575
89.37544139571575
89.37544139571575
89.41821032848193
89.41821032848193
89.41821032848193
89.41821032848193
89.57154339637651
89.57154339637651
89.57154339637651
89.57154339637651
89.61324388261926
89.61324388261926
89.61324388261926
89.63766690030079
89.63766690030079
89.63766690030079
89.70910882424812
89.70910882424812
89.70910882424812
89.79232289682118
89.79232289682118
89.79232289682118
90.27864931984507
90.27864931984507
90.27864931984507
90.2839050177729
90.2839050177729
90.2839050177729
90.2839050177729
90.34463811843142
90.34463811843142
90.34463811843142
90.34463811843142
90.51507710418188
90.51507710418188
90.51507710418188
90.51507710418188
90.56953239261499
90.56953239261499
90.56953239261499
90.71703995732597
90.71703995732597
90.71703995732597
90.71703995732597
91.05384912600087
91.05384912600087
91.05384912600087
91.18968761184284
91.18968761184284
91.18968761184284
91.20708044195442
91.20708044195442
91.20708044195442
91.20708044195442
91.24994529445013
91.24994529445013
91.24994529445013
91.27896817645902
91.27896817645902
91.27896817645902
91.32872841616465
91.32872841616465
91.32872841616465
91.32872841616465
91.55381512411823
91.55381512411823
91.55381512411823
91.62134451465423
91.62134451465423
91.62134451465423
91.62134451465423
91.66350541601095
91.66350541601095
91.66350541601095
91.66350541601095
91.80344335106328
91.80344335106328
91.80344335106328
91.8444151078411
91.8444151078411
91.8444151078411
92.01205631246458
92.01205631246458
92.01205631246458
92.0268326692972
92.0268326692972
92.0268326692972
92.0268326692972
92.04206849774107
92.04206849774107
92.04206849774107
92.19711866200663
92.19711866200663
92.19711866200663
92.21307515361302
92.21307515361302
92.21307515361302
92.24982384148575
92.24982384148575
92.24982384148575
92.43479594313189
92.43479594313189
92.43479594313189
92.57457277281927
92.57457277281927
92.57457277281927
92.57940663112304
92.57940663112304
92.57940663112304
92.63072164333343
92.63072164333343
92.63072164333343
92.73086845213146
92.73086845213146
92.73086845213146
92.83405709500055
92.83405709500055
92.83405709500055
92.83765863071139
92.83765863071139
92.83765863071139
92.87241797138341
92.87241797138341
92.87241797138341
92.90080988377326
92.90080988377326
92.90080988377326
92.9280578379448
92.9280578379448
92.9280578379448
93.04736638299721
93.04736638299721
93.04736638299721
93.04736638299721
93.07195049552567
93.07195049552567
93.07195049552567
93.07195049552567
93.08233616702391
93.08233616702391
93.08233616702391
93.08233616702391
93.12783403849893
93.12783403849893
93.12783403849893
93.14332871055345
93.14332871055345
93.14332871055345
93.17812733041525
93.17812733041525
93.17812733041525
93.17812733041525
93.21143615426557
93.21143615426557
93.21143615426557
93.21143615426557
93.24381487251699
93.24381487251699
93.24381487251699
93.3471509000162
93.3471509000162
93.3471509000162
93.39235474844425
93.39235474844425
93.39235474844425
93.39235474844425
93.67916686395901
93.67916686395901
93.67916686395901
93.73607638243747
93.73607638243747
93.73607638243747
93.73607638243747
94.05084489117561
94.05084489117561
94.05084489117561
94.08416369853292
94.08416369853292
94.08416369853292
94.10106751676321
94.10106751676321
94.10106751676321
94.12381954215851
94.12381954215851
94.12381954215851
94.12381954215851
94.21137686982864
94.21137686982864
94.21137686982864
94.2874840620073
94.2874840620073
94.2874840620073
94.41808465719176
94.41808465719176
94.41808465719176
94.41808465719176
94.62543857780177
94.62543857780177
94.62543857780177
94.62543857780177
94.65171021352499
94.65171021352499
94.65171021352499
94.65171021352499
94.69692440430929
94.69692440430929
94.69692440430929
94.8104840071505
94.8104840071505
94.8104840071505
94.81163919563218
94.81163919563218
94.81163919563218
94.81163919563218
94.97006713782002
94.97006713782002
94.97006713782002
94.97889466558222
94.97889466558222
94.97889466558222
94.98782428986664
94.98782428986664
94.98782428986664
95.29380899505583
95.29380899505583
95.29380899505583
95.32897563130265
95.32897563130265
95.32897563130265
95.53525827702498
95.53525827702498
95.53525827702498
95.6483756392955
95.6483756392955
95.6483756392955
95.70945389975488
95.70945389975488
95.70945389975488
95.70945389975488
95.97744872968825
95.97744872968825
95.97744872968825
96.02320673701477
96.02320673701477
96.02320673701477
96.04329046958969
96.04329046958969
96.04329046958969
96.04329046958969
96.0501165314494
96.0501165314494
96.0501165314494
96.15624334922751
96.15624334922751
96.15624334922751
96.17409178942123
96.17409178942123
96.17409178942123
96.17698738667984
96.17698738667984
96.17698738667984
96.38379246239685
96.38379246239685
96.38379246239685
96.38379246239685
96.39223892064018
96.39223892064018
96.39223892064018
96.41466227397697
96.41466227397697
96.41466227397697
96.45431161353319
96.45431161353319
96.45431161353319
96.47525319487178
96.47525319487178
96.47525319487178
96.47551458717378
96.47551458717378
96.47551458717378
96.48647526899155
96.48647526899155
96.48647526899155
96.56667276922822
96.56667276922822
96.56667276922822
96.56667276922822
96.61509147602254
96.61509147602254
96.61509147602254
96.75942983211799
96.75942983211799
96.75942983211799
96.93064875030186
96.93064875030186
96.93064875030186
96.93064875030186
96.95148113998532
96.95148113998532
96.95148113998532
97.01323950917998
97.01323950917998
97.01323950917998
97.01323950917998
97.05056591928187
97.05056591928187
97.05056591928187
97.05625330181115
97.05625330181115
97.05625330181115
97.21411609446714
97.21411609446714
97.21411609446714
97.26191726462902
97.26191726462902
97.26191726462902
97.59975328128608
97.59975328128608
97.59975328128608
97.59975328128608
97.77839545875135
97.77839545875135
97.77839545875135
97.77839545875135
97.80245019914764
97.80245019914764
97.80245019914764
97.89365964969376
97.89365964969376
97.89365964969376
97.89365964969376
97.9893973746523
97.9893973746523
97.9893973746523
98.20296261250304
98.20296261250304
98.20296261250304
98.25506191040063
98.25506191040063
98.25506191040063
98.25539719125565
98.25539719125565
98.25539719125565
98.2577092799209
98.2577092799209
98.2577092799209
98.40730657538671
98.40730657538671
98.40730657538671
98.72524775360644
98.72524775360644
98.72524775360644
98.72524775360644
98.76829451583761
98.76829451583761
98.76829451583761
98.80124888184302
98.80124888184302
98.80124888184302
98.88788790984916
98.88788790984916
98.88788790984916
99.04375306457194
99.04375306457194
99.04375306457194
99.1845025128092
99.1845025128092
99.1845025128092
99.32703017392659
99.32703017392659
99.32703017392659
99.32703017392659
99.43398522362868
99.43398522362868
99.43398522362868
99.43398522362868
99.51770931745114
99.51770931745114
99.51770931745114
99.54265925935185
99.54265925935185
99.54265925935185
99.54265925935185
99.62320104949924
99.62320104949924
99.62320104949924
99.62320104949924
99.73773813915838
99.73773813915838
99.73773813915838
99.79287459957123
99.79287459957123
99.79287459957123
99.79449956428174
99.79449956428174
99.79449956428174
99.88129609922241
99.88129609922241
99.88129609922241
99.88129609922241
